634800716496713600,
634800752496713600,
634800788496713600,
634800824496713600,
634800860496713600,
634800896496713600,
634800932496713600,
634800968496713600,
634801004496713600,
634801040496713600,
634801076496713600,
634801112496713600,
634801148496713600,
634801184496713600,
634801220496713600,
634801256496713600,
634801292496713600,
634801328496713600,
634801364496713600,
634801400496713600,
634801436496713600,
634801472496713600,
634801508496713600,
634801544496713600,
634801580496713600,
634801616496713600,
634801652496713600,
634801688496713600,
634801724496713600,
634801760496713600,
634801796496713600,
634801832496713600,
634801868496713600,
634801904496713600,
634801940496713600,
634801976496713600,
634802012496713600,
634802048496713600,
634802084496713600,
634802120496713600,
634802156496713600,
634802192496713600,
634802228496713600,
634802264496713600,
634802300496713600